residue_name	chain_name	number	protein_area	complex_area	LASA
					
				78.885	
				52.15	
				21.071	
				112.264	
				49.197	
				0.613	
				145.372	
				4.555	
				0.0	
				0.0	
				0.0	
				0.0	
				0.0	
				0.0	
				0.0	
				0.0	
				3.315	
				4.219	
				0.0	
				0.0	
				5.269	
				0.301	
				0.275	
				0.0	
				0.0	
				0.0	
				0.0	
				0.0	
				0.0	
				0.0	
				0.0	
				0.0	
				0.0	
				21.096	
				0.0	
				0.0	
				49.805	
				25.763	
				0.0	
				51.962	
				4.793	
				71.042	
				0.0	
				0.0	
				0.0	
				0.0	
				0.0	
				0.0	
				0.0	
				0.0	
				0.0	
				0.0	
				0.0	
				0.0	
				0.0	
				0.904	
				14.293	
				59.594	
				1.206	
				4.088	
				40.814	
				0.0	
				0.0	
				0.0	
				0.0	
				0.0	
				0.0	
				0.613	
				34.43	
				39.182	
				45.382	
				0.0	
				0.0	
				51.58	
				47.618	
				0.0	
				0.0	
				58.972	
				70.534	
				13.838	
				112.082	
				0.0	
				25.223	
				0.0	
				0.301	
				0.0	
				0.0	
				0.0	
				0.0	
				0.0	
				0.0	
				6.63	
				12.633	
				0.0	
				0.0	
				1.869	
				0.0	
				0.0	
				1.916	
				29.597	
				0.0	
				28.564	
				112.044	
				74.46	
				18.201	
				0.0	
				0.0	
				108.149	
				89.571	
				17.334	
				33.657	
				0.0	
				31.093	
				1.708	
				0.0	
				0.0	
				0.0	
				3.918	
				0.603	
				33.869	
				0.0	
				0.0	
				5.453	
				3.014	
				0.0	
				0.0	
				0.658	
				10.679	
				45.143	
				33.059	
				0.0	
				16.165	
				10.247	
				0.0	
				0.0	
				126.091	
				118.851	
				1.906	
				41.586	
				0.0	
				27.537	
				1.408	
				0.0	
				71.793	
				0.613	
				1.507	
				9.024	
				0.0	
				15.006	
				24.11	
				31.645	
				72.731	
				10.344	
				0.0	
				8.74	
				12.864	
				11.754	
				0.0	
				32.269	
				47.342	
				13.786	
				24.412	
				64.328	
				20.192	
				0.0	
				18.685	
				0.0	
				17.36	
				1.507	
				0.0	
				0.0	
				1.072	
				6.579	
				2.004	
				9.993	
				0.0	
				0.0	
				0.0	
				0.0	
				0.0	
				0.0	
				51.258	
				26.093	
				96.572	
				69.023	
				48.558	
				0.0	
				49.026	
				58.344	
				3.014	
				0.0	
				19.288	
				1.068	
				0.0	
				0.0	
				21.101	
				3.96	
				0.0	
				18.149	
				30.948	
				94.582	
				0.603	
				0.0	
				0.0	
				0.0	
				0.301	
				18.874	
				7.246	
				6.024	
				3.127	
				0.0	
				1.377	
				0.0	
				6.111	
				0.301	
				0.0	
				0.0	
				0.0	
				0.0	
				0.0	
				7.742	
				0.0	
				58.427	
				28.891	
				42.776	
				1.726	
				1.82	
				1.808	
				0.0	
				0.0	
				0.275	
				0.0	
				0.0	
				0.0	
				0.0	
				0.603	
				0.0	
				0.0	
				20.494	
				6.67	
				0.501	
				21.335	
				0.0	
				0.0	
				0.0	
				0.0	
				0.301	
				0.204	
				1.507	
				1.206	
				1.507	
				1.216	
				0.0	
				0.0	
				0.0	
				0.0	
				0.0	
				0.603	
				0.0	
				7.846	
				0.0	
				0.0	
				0.551	
				0.267	
				2.937	
				0.0	
				0.0	
				1.928	
				0.0	
				0.0	
				0.0	
				43.927	
				0.0	
				0.0	
				0.904	
				0.0	
				53.631	
				3.918	
				0.0	
				0.0	
				0.0	
				0.0	
				0.0	
				6.765	
				0.0	
				0.0	
				0.0	
				4.004	
				0.0	
				96.781	
				28.745	
				0.0	
				72.363	
				0.0	
				0.0	
				0.0	
				9.343	
				12.276	
				0.0	
				4.06	
				0.0	
				2.136	
				0.0	
				0.0	
				4.743	
				0.0	
				0.0	
				0.301	
				1.808	
				0.0	
				0.0	
				0.0	
				0.0	
				0.0	
				0.0	
				0.0	
				0.0	
				0.0	
				0.0	
				5.726	
				0.0	
				0.0	
				0.0	
				6.63	
				0.0	
				0.0	
				0.0	
				0.0	
				9.935	
				0.0	
				0.0	
				1.973	
				34.709	
				0.0	
				51.737	
				0.0	
				17.705	
				0.0	
				0.603	
				24.209	
				21.258	
				122.846	
				1.608	
				5.425	
				0.0	
				0.0	
				1.101	
				0.0	
				0.0	
				0.0	
				0.0	
				0.0	
				0.0	
				0.0	
				1.41	
				0.0	
				0.251	
				0.0	
				0.0	
				0.534	
				0.0	
				4.271	
				1.206	
				82.183	
				27.54	
				1.119	
				85.979	
				21.485	
				2.657	
				25.737	
				22.69	
				13.562	
				0.0	
				0.0	
				15.672	
				0.0	
				0.0	
				0.0	
				0.0	
				0.204	
				0.0	
				0.219	
				0.0	
				0.0	
				0.0	
				0.0	
				0.0	
				0.0	
				0.0	
				1.405	
				0.0	
				0.0	
				0.0	
				1.808	
				0.0	
				0.0	
				0.0	
				0.0	
				0.301	
				0.0	
				0.0	
				0.0	
				11.697	
				44.31	
				1.216	
				6.028	
				0.0	
				0.0	
				5.726	
				27.301	
				40.625	
				1.916	
				41.843	
				70.624	
				113.4	
				22.248	
				117.798	
				72.074	
				0.301	
				79.923	
				64.227	
				33.152	
				0.0	
				107.966	
				52.736	
				1.973	
				0.0	
				75.043	
				20.526	
				0.0	
				0.0	
				0.603	
				1.754	
				0.0	
				0.0	
				0.0	
				8.447	
				0.0	
				0.0	
				0.0	
				0.0	
				0.204	
				15.171	
				22.584	
				70.341	
				46.245	
				22.129	
				0.0	
				34.639	
				3.918	
				0.0	
				0.0	
				31.7	
				5.425	
				0.0	
				0.0	
				0.0	
				0.0	
				1.369	
				0.0	
				1.711	
				0.0	
				2.11	
				0.603	
				0.0	
				4.824	
				20.086	
				0.301	
				0.0	
				63.669	
				0.603	
				0.0	
				25.977	
				27.124	
				0.0	
				31.735	
				124.551	
				45.163	
				7.534	
				52.911	
				118.6	
				9.159	
				0.251	
				30.059	
				18.083	
				102.859	
				2.411	
				0.0	
				54.536	
				8.685	
				0.0	
				0.0	
				0.801	
				2.11	
				0.0	
				0.0	
				0.301	
				0.0	
				1.507	
				1.602	
				0.0	
				0.0	
				90.986	
				22.663	
				10.721	
				69.708	
				32.115	
				84.655	
				11.785	
				6.028	
				49.53	
				0.0	
				7.595	
				99.884	
				22.905	
				0.0	
				78.664	
				136.462	
				44.191	
				79.194	
				0.904	
				3.155	
				0.301	
				0.904	
				0.0	
				0.0	
				22.754	
				0.0	
				0.0	
				0.0	
				0.603	
				0.0	
				0.0	
				0.658	
				17.75	
				15.973	
				15.957	
				100.076	
				11.321	
				4.72	
				0.0	
				0.0	
				0.0	
				0.0	
				0.0	
				0.0	
				0.409	
				43.566	
				15.949	
				3.918	
				1.246	
				0.0	
				68.874	
				33.565	
				20.126	
				127.443	
				125.949	
				82.827	
				91.641	
				0.0	
				0.0	
				0.0	
				0.0	
				0.0	
				0.0	
				0.0	
				0.0	
				0.0	
				0.904	
				0.301	
				6.949	
				1.206	
				6.768	
				3.014	
				0.904	
				1.863	
				0.0	
				0.0	
				0.0	
				0.0	
				0.0	
				0.0	
				1.101	
				0.0	
				0.0	
				0.0	
				0.0	
				0.0	
				14.651	
				108.19	
				45.961	
				36.465	
				25.78	
				5.262	
				0.0	
				0.0	
				0.0	
				0.0	
				0.0	
				0.0	
				0.0	
				0.0	
				0.301	
				0.0	
				0.0	
				0.0	
				0.0	
				0.0	
				0.904	
				11.73	
				0.0	
				0.0	
				4.594	
				0.0	
				0.0	
				0.0	
				0.0	
				0.0	
				0.0	
				0.0	
				0.0	
				7.836	
				0.0	
				0.0	
				0.0	
				16.327	
				6.111	
				0.0	
				17.082	
				108.114	
				18.727	
				0.0	
				164.989	
				7.66	
				81.071	
				0.0	
				0.0	
				0.0	
				0.0	
				0.0	
				0.0	
				0.0	
				0.0	
				26.273	
				0.0	
				0.0	
				0.0	
				70.658	
				3.918	
				0.0	
				117.064	
				27.425	
				0.0	
				65.72	
				29.061	
				9.402	
				36.562	
				0.904	
				22.251	
				19.719	
				15.973	
				18.981	
				0.0	
				25.852	
				1.916	
				64.45	
				0.0	
				2.712	
				14.114	
				26.221	
				0.0	
				29.474	
				32.667	
				139.858	
				122.957	
				51.832	
				5.898	
				23.019	
				79.902	
				0.0	
				3.315	
				84.708	
				193.095	
				26.412	
				201.462	
				25.373	
				73.184	
				24.925	
				12.357	
				32.749	
				19.026	
				0.603	
				77.94	
				0.818	
				120.68	
				44.001	
				79.865	
				112.995	
				85.117	
				0.0	
				3.918	
				111.748	
				69.92	
				0.0	
				142.059	
				119.665	
				13.688	
				25.617	
				35.595	
				13.261	
				0.0	
				13.863	
				0.0	
				64.154	
				108.913	
				106.673	
				47.112	
				3.289	
				0.506	
				0.0	
				35.288	
				64.945	
				63.429	
				69.207	
				18.441	
				0.0	
				97.923	
				72.288	
				3.927	
				22.229	
				169.275	
				83.813	
				82.208	
				47.142	
				36.467	
				0.0	
				17.375	
				32.809	
				8.231	
				9.139	
				25.678	
				66.456	
				0.0	
				0.301	
				6.878	
				0.0	
				3.837	
				0.0	
				0.0	
				0.0	
				0.0	
				0.0	
				17.955	
				23.194	
				128.045	
				37.547	
				7.036	
				0.301	
				5.726	
				0.0	
				0.0	
				0.0	
				0.0	
				0.0	
				1.405	
				0.0	
				3.289	
				3.59	
				2.11	
				11.739	
				2.411	
				33.74	
				7.827	
				0.904	
				1.022	
				0.0	
				0.0	
				0.551	
				0.0	
				0.0	
				16.877	
				3.27	
				11.25	
				45.072	
				0.301	
				11.452	
				83.007	
				58.208	
				0.0	
				0.501	
				42.38	
				36.068	
				0.0	
				26.75	
				114.026	
				7.345	
				0.0	
				62.292	
				81.975	
				0.0	
				0.0	
				42.377	
				18.252	
				0.0	
				65.612	
				0.0	
				65.868	
				0.0	
				0.0	
				0.0	
				0.219	
				0.0	
				13.393	
				0.0	
				0.0	
				1.507	
				54.549	
				122.186	
				74.037	
				50.476	
				0.0	
				31.797	
				0.204	
				44.663	
				15.676	
				0.0	
				2.164	
				0.0	
				1.602	
				0.0	
				3.315	
				7.655	
				7.836	
				0.0	
				0.0	
				0.301	
				0.0	
				0.0	
				0.0	
				0.0	
				0.0	
				15.718	
				0.301	
				15.672	
				0.0	
				0.0	
				11.151	
				0.301	
				0.0	
				0.0	
				19.426	
				10.566	
				11.328	
				10.726	
				60.356	
				99.048	
				12.391	
				0.0	
				54.617	
				114.88	
				25.615	
				42.8	
				5.726	
				40.866	
				146.896	
				18.267	
				0.301	
				66.522	
				6.745	
				73.936	
				1.763	
				43.005	
				0.0	
				0.0	
				4.822	
				3.644	
				1.808	
				0.0	
				5.425	
				0.0	
				0.0	
				0.0	
				0.0	
				0.0	
				9.343	
				23.112	
				0.301	
				5.863	
				0.0	
				1.507	
				13.119	
				0.0	
				6.544	
				42.725	
				0.0	
				2.904	
				0.0	
				2.248	
				0.603	
				1.096	
				0.0	
				0.0	
				0.0	
				0.0	
				0.0	
				79.136	
				49.058	
				0.0	
				8.74	
				0.0	
				0.0	
				0.0	
				0.0	
				0.0	
				0.0	
				0.0	
				18.685	
				0.0	
				0.0	
				11.376	
				6.336	
				12.357	
				16.857	
				58.769	
				51.276	
				62.536	
				7.892	
				9.611	
				0.0	
				0.0	
				0.0	
				0.0	
				0.0	
				24.869	
				126.303	
				37.139	
				0.658	
				9.343	
				131.282	
				57.478	
				0.0	
				28.631	
				71.454	
				0.0	
				0.0	
				13.261	
				64.41	
				0.904	
				5.273	
				105.695	
				12.156	
				15.886	
				0.0	
				57.034	
				0.0	
				0.0	
				0.0	
				0.0	
				83.285	
				8.137	
				0.0	
				7.836	
				91.435	
				25.316	
				0.0	
				16.002	
				112.98	
				29.657	
				40.775	
				2.411	
				80.711	
				6.541	
				59.031	
				88.127	
				1.808	
				34.727	
				26.823	
				7.836	
				106.32	
				48.096	
				23.206	
				181.441	
				70.217	
					
					
					
					
					
					
					
					
					
					
					
					
					
					
					
					
					
					
					
					
					
					
					
					
					
					
					
					
					
					
					
					
					
					
					
					
					
					
					
					
					
					
					
					
					
					
					
					
					
					
					
					
					
					
					
					
					
					
					
					
					
					
					
					
					
					
					
					
					
					
					
					
					
					
					
				213.043	
				111.194	
				19.273	
				0.0	
				4.822	
				0.0	
				0.301	
				0.0	
				50.223	
				60.876	
				20.484	
				14.276	
				55.276	
				0.0	
				77.229	
				17.623	
				48.421	
				1.614	
				0.0	
				1.84	
				5.834	
				69.993	
				30.537	
				28.259	
				2.11	
				27.305	
				0.0	
				0.959	
				0.0	
				0.0	
				0.0	
				0.0	
				0.0	
				0.0	
				6.932	
				5.662	
				0.0	
				0.0	
				0.0	
				0.0	
				0.0	
				0.0	
				0.0	
				0.0	
				0.0	
				3.346	
				0.0	
				5.397	
				103.974	
				0.0	
				0.0	
				0.0	
				0.0	
				0.0	
				0.0	
				0.0	
				0.0	
				0.0	
				0.0	
				0.0	
				0.0	
				0.0	
				0.0	
				0.0	
				0.301	
				41.464	
				1.707	
				0.0	
				1.316	
				0.0	
				0.0	
				46.437	
				83.005	
				0.204	
				2.478	
				0.0	
				32.743	
				0.0	
				0.0	
				0.0	
				0.0	
				4.271	
				0.658	
				0.0	
				0.0	
				41.923	
				4.822	
				0.0	
				0.0	
				1.226	
				49.537	
				2.411	
				15.171	
				61.063	
				17.072	
				4.905	
				0.0	
				2.411	
				18.723	
				3.959	
				0.0	
				60.721	
				151.815	
				26.172	
				104.478	
				3.918	
				2.712	
				0.0	
				0.0	
				0.0	
				17.528	
				0.0	
				0.0	
				0.0	
				0.0	
				10.247	
				0.0	
				0.0	
				17.887	
				10.548	
				0.0	
				4.805	
				65.814	
				164.243	
				3.617	
				23.863	
				16.521	
				7.298	
				0.0	
				0.0	
				0.0	
				8.137	
				0.818	
				1.507	
				111.929	
				129.555	
				27.007	
				67.987	
				35.059	
				73.088	
				60.276	
				0.0	
				39.481	
				108.833	
				79.498	
				0.0	
				145.83	
				77.23	
				6.329	
				97.168	
				3.551	
				0.0	
				79.005	
				52.975	
				33.77	
				13.391	
				6.329	
				0.0	
				111.068	
				104.543	
				10.354	
				0.301	
				3.653	
				75.786	
				132.302	
				50.059	
				65.018	
				56.765	
				25.885	
				6.602	
				15.055	
				2.411	
				12.17	
				2.658	
				51.342	
				6.024	
				82.442	
				40.27	
				12.465	
				11.889	
				45.136	
				147.141	
				30.655	
				56.784	
				136.826	
				93.867	
				137.5	
				59.326	
				6.929	
				74.812	
				18.457	
				17.069	
				0.0	
				0.0	
				0.0	
				0.301	
				0.0	
				0.0	
				0.0	
				1.012	
				0.301	
				5.095	
				0.87	
				0.0	
				0.0	
				2.136	
				0.301	
				0.0	
				0.409	
				58.436	
				47.583	
				15.312	
				0.0	
				56.744	
				0.0	
				20.769	
				0.0	
				1.507	
				20.494	
				0.0	
				73.894	
				21.703	
				31.125	
				0.0	
				83.673	
				71.488	
				0.0	
				58.229	
				162.06	
				68.083	
				132.559	
				1.369	
				13.812	
				0.0	
				0.0	
				0.0	
				0.0	
				0.0	
				0.0	
				0.0	
				0.0	
				0.0	
				0.877	
				0.0	
				34.142	
				48.647	
				0.0	
				100.375	
				29.566	
				0.0	
				24.412	
				56.263	
				0.0	
				0.603	
				82.113	
				85.439	
				0.409	
				12.925	
				136.592	
				35.859	
				95.552	
				3.54	
				0.0	
				0.301	
				0.0	
				0.0	
				0.0	
				0.0	
				0.0	
				0.0	
				0.0	
				0.0	
				0.0	
				0.0	
				0.0	
				29.421	
				7.2	
				12.77	
				53.295	
				8.314	
				104.578	
				0.204	
				47.919	
				35.869	
				15.81	
				104.119	
				12.22	
				0.0	
				3.617	
				0.0	
				0.0	
				0.0	
				0.0	
				0.0	
				0.0	
				0.0	
				12.055	
				0.0	
				48.155	
				58.677	
				110.174	
				29.949	
				23.809	
				3.035	
				6.594	
				1.507	
				0.0	
				0.904	
				0.455	
				1.286	
				0.904	
				0.0	
				1.206	
				7.233	
				2.248	
				38.996	
				68.71	
				98.99	
				46.594	
				29.44	
				32.161	
				95.638	
				32.086	
				3.679	
				65.398	
				17.972	
				2.68	
				0.551	
				56.056	
				0.0	
				12.165	
				12.871	
				68.032	
				20.474	
				41.59	
				3.057	
				0.0	
				0.0	
				0.0	
				5.336	
				23.651	
				70.321	
				70.196	
				57.501	
				23.406	
				0.603	
				1.808	
				0.0	
				0.0	
				0.0	
				0.0	
				0.603	
				0.0	
				0.0	
				0.0	
				1.072	
				0.301	
				0.0	
				0.0	
				0.904	
				18.006	
				0.0	
				0.603	
				63.72	
				3.617	
				0.0	
				61.452	
				16.703	
				0.0	
				19.891	
				78.201	
				8.643	
				0.0	
				91.577	
				83.989	
				64.919	
				114.827	
				178.677	
				145.846	
					
					
					
					
					
					
					
					
					
					
					
					
					
					
					
					
					
					
					
					
					
					
					
					
					
					
					
					
					
					
					
					
					
					
					
					
					
					
					
					
					
					
					
					
					
					
					
					
					
					
					
					
					
					
					
					
					
					
					
					
					
					
					
					
					
					
					
					
					
					
					
					
					
					
					
					
					
					
					
					
					
					
					
					
					
					
					
					
					
					
					
					
					
					
					
					
					
					
					
					
					
					
					
					
					
					
					
					
					
					
					
					
					
					
					
					
					
					
					
					
					
					
					
					
					
					
					
					
					
					
					
					
					
					
					
					
					
					
					
					
					
					
					
					
					
					
					
					
					
					
					
					
					
					
					
					
					
					
					
					
					
					
					
					
					
					
					
					
					
					
					
					
					
					
					
					
					
					
					
					
					
					
					
					
					
					
					
					
					
					
					
					
					
					
					
					
					
					
					
					
					
					
					
					
					
					
					
					
					
					
					
					
					
					
					
					
					
					
					
					
					
					
					
					
					
					
					
					
					
					
					
					
					
					
					
					
					
					
					
					
					
					
					
					
					
					
					
					
					
					
					
					
					
					
					
					
					
					
					
					
					
					
					
					
					
					
					
					
					
					
					
					
					
					
					
					
					
					
					
					
					
					
					
					
					
					
					
					
					
					
					
					
					
					
					
					
					
					
					
					
					
					
					
					
					
					
					
					
					
					
					
					
					
					
					
					
					
					
					
					
					
					
					
					
					
					
					
					
					
					
					
					
					
					
					
					
					
					
					
					
					
					
					
					
					
					
					
					
					
					
					
					
					
					
					
					
					
					
					
					
					
					
					
					
					
					
					
					
					
					
					
					
					
					
					
					
					
					
					
					
					
					
					
					
					
					
					
					
					
					
					
					
					
					
					
					
					
					
					
					
					
					
					
					
					
					
					
					
					
					
					
					
					
					
					
					
					
					
					
					
					
					
					
					
					
					
					
					
					
					
					
					
					
					
					
					
					
					
					
					
					
					
					
					
					
					
					
					
					
					
					
					
					
					
					
					
					
					
					
					
					
					
					
					
					
					
					
					
					
					
					
					
					
					
					
					
					
					
					
					
					
					
					
					
					
					
					
					
					
					
					
					
					
					
					
					
					
					
					
					
					
					
					
					
					
					
					
					
					
					
					
					
					
					
					
					
					
					
					
					
					
					
					
					
					
					
					
					
					
					
					
					
					
					
					
					
					
					
					
					
					
					
					
					
					
					
					
					
					
					
					
					
					
					
					
					
					
					
					
					
					
					
					
					
					
					
					
					
					
					
					
					
					
					
					
					
					
					
					
					
					
					
					
					
					
					
					
					
					
					
					
					
					
					
					
					
					
					
					
					
					
					
					
					
					
					
					
					
					
					
					
					
					
					
					
					
					
					
					
					
					
					
					
					
					
					
					
					
					
					
					
					
					
					
					
					
					
					
					
					
					
					
					
					
					
					
					
					
					
					
					
					
					
					
					
					
					
					
					
					
					
					
					
					
					
					
					
					
					
					
					
					
					
					
					
					
					
					
					
					
					
					
					
					
					
					
					
					
					
					
					
					
					
					
					
					
					
					
					
					
					
					
					
					
					
					
					
					
					
					
					
					
					
					
					
					
					
					
					
					
					
					
					
					
					
					
					
					
					
					
					
					
					
					
					
					
					
					
					
					
					
					
					
					
					
					
					
					
					
					
					
					
					
					
					
					
					
					
					
					
					
					
					
					
					
					
					
					
					
					
					
					
					
					
					
					
					
					
					
					
					
					
					
					
					
					
					
					
					
					
					
					
					
					
					
					
					
					
					
					
					
					
					
					
					
					
					
					
					
					
					
					
					
					
					
					
					
					
					
					
					
					
					
					
					
					
					
					
					
					
					
					
					
					
					
					
					
					
					
					
					
